0.80000000000000004        0.00000000       0.00000000       1.2904500252362387E-002
0.80500000000000005        0.00000000       0.00000000       1.3720301969324816E-002
0.81000000000000005        0.00000000       0.00000000       1.4615941021944308E-002
0.81500000000000006        0.00000000       0.00000000       1.5602071535702741E-002
0.82000000000000006        0.00000000       0.00000000       1.6691157116859215E-002
0.82500000000000007        0.00000000       0.00000000       1.7897845637565957E-002
0.83000000000000007        0.00000000       0.00000000       1.9239435791519328E-002
0.83500000000000008        0.00000000       0.00000000       2.0736461322212831E-002
0.84000000000000008        0.00000000       0.00000000       2.2413427058150182E-002
0.84500000000000008        0.00000000       0.00000000       2.4298907151950946E-002
0.85000000000000009        0.00000000       0.00000000       2.6429945929574698E-002
0.85500000000000009        0.00000000       0.00000000       2.8848936262153166E-002
0.86000000000000010        0.00000000       0.00000000       3.1608594881567462E-002
0.86499999999999999        0.00000000       0.00000000       3.4773800896969888E-002
0.87000000000000011        0.00000000       0.00000000       3.8424951192328465E-002
0.87500000000000000        0.00000000       0.00000000       4.2662367762704115E-002
0.88000000000000000        0.00000000       0.00000000       4.7612107296595790E-002
0.88500000000000001        0.00000000       0.00000000       5.3433627303981136E-002
0.89000000000000001        0.00000000       0.00000000       6.0329874555789892E-002
0.89500000000000002        0.00000000       0.00000000       6.8560776143518409E-002
0.90000000000000002        0.00000000       0.00000000       7.8458784113694530E-002
0.90500000000000003        0.00000000       0.00000000       9.0451198714970121E-002
0.91000000000000003        0.00000000       0.00000000      0.10508196237338523
0.91500000000000004        0.00000000       0.00000000      0.12303194417535789
0.92000000000000004        0.00000000       0.00000000      0.14512176411454586
0.92500000000000004        0.00000000       0.00000000      0.17226329465152354
0.93000000000000005        0.00000000       0.00000000      0.20529293141114019
0.93500000000000005        0.00000000       0.00000000      0.24455423530441109
0.94000000000000006        0.00000000       0.00000000      0.28908648453642072
0.94500000000000006        0.00000000       0.00000000      0.33538804285354490
0.95000000000000007        0.00000000       0.00000000      0.37643816166014898
0.95500000000000007        0.00000000       0.00000000      0.40260485646514971
0.96000000000000008        0.00000000       0.00000000      0.40588713264624682
0.96500000000000008        0.00000000       0.00000000      0.38519192527351087
0.97000000000000008        0.00000000       0.00000000      0.34711080642246916
0.97500000000000009        0.00000000       0.00000000      0.30137833701782935
0.97999999999999998        0.00000000       0.00000000      0.25592808211911577
0.98500000000000010        0.00000000       0.00000000      0.21511331371199685
0.98999999999999999        0.00000000       0.00000000      0.18044903416586316
0.99500000000000011        0.00000000       0.00000000      0.15183692914780109
1.0000000000000000        0.00000000       0.00000000      0.12851054588413477
1.0050000000000001        0.00000000       0.00000000      0.10955892210279967
1.0100000000000000        0.00000000       0.00000000       9.4129484011003073E-002
1.0150000000000001        0.00000000       0.00000000       8.1503706453035035E-002
1.0200000000000000        0.00000000       0.00000000       7.1103487813182431E-002
1.0250000000000001        0.00000000       0.00000000       6.2472419858594613E-002
1.0300000000000000        0.00000000       0.00000000       5.5256145384120256E-002
1.0350000000000001        0.00000000       0.00000000       4.9178136741936621E-002
1.0400000000000000        0.00000000       0.00000000       4.4019289904231887E-002
1.0449999999999999        0.00000000       0.00000000       3.9611320938897722E-002
1.0500000000000000        0.00000000       0.00000000       3.5818666275749277E-002
1.0550000000000002        0.00000000       0.00000000       3.2538151496143516E-002
1.0600000000000001        0.00000000       0.00000000       2.9682753277806305E-002
1.0649999999999999        0.00000000       0.00000000       2.7183864560246566E-002
1.0700000000000001        0.00000000       0.00000000       2.4985858741567512E-002
1.0750000000000002        0.00000000       0.00000000       2.3043258750875300E-002
1.0800000000000001        0.00000000       0.00000000       2.1318760134652403E-002
1.0850000000000000        0.00000000       0.00000000       1.9781513763528637E-002
1.0900000000000001        0.00000000       0.00000000       1.8405690598313425E-002
1.0950000000000000        0.00000000       0.00000000       1.7169671683521182E-002
1.1000000000000001        0.00000000       0.00000000       1.6054059760230457E-002
1.1050000000000000        0.00000000       0.00000000       1.5047214987466551E-002
1.1100000000000001        0.00000000       0.00000000       1.4134398590044804E-002
1.1150000000000000        0.00000000       0.00000000       1.3303707266086505E-002
1.1200000000000001        0.00000000       0.00000000       1.2545998512365099E-002
1.1250000000000000        0.00000000       0.00000000       1.1853076387134011E-002
1.1300000000000001        0.00000000       0.00000000       1.1217853120070195E-002
1.1350000000000000        0.00000000       0.00000000       1.0634175625681122E-002
1.1400000000000001        0.00000000       0.00000000       1.0096682213338553E-002
1.1450000000000000        0.00000000       0.00000000       9.6006843300351068E-003
1.1500000000000001        0.00000000       0.00000000       9.1420680083919275E-003
1.1550000000000000        0.00000000       0.00000000       8.7172116375810044E-003
1.1600000000000001        0.00000000       0.00000000       8.3218105229108091E-003
1.1650000000000000        0.00000000       0.00000000       7.9542512686831823E-003
1.1699999999999999        0.00000000       0.00000000       7.6125671399674827E-003
1.1750000000000000        0.00000000       0.00000000       7.2939019183949731E-003
1.1800000000000002        0.00000000       0.00000000       6.9962629108688383E-003
1.1850000000000001        0.00000000       0.00000000       6.7178637040116087E-003
1.1899999999999999        0.00000000       0.00000000       6.4571057864202261E-003
1.1950000000000001        0.00000000       0.00000000       6.2125511464251430E-003
