0.90000000000000002        0.00000000       0.00000000       3.2286980849020180E-002
0.90249999999999997        0.00000000       0.00000000       3.5239360079429717E-002
0.90500000000000003        0.00000000       0.00000000       3.8616708061209495E-002
0.90749999999999997        0.00000000       0.00000000       4.2504821994451811E-002
0.91000000000000003        0.00000000       0.00000000       4.7012055474973585E-002
0.91249999999999998        0.00000000       0.00000000       5.2277068837065149E-002
0.91500000000000004        0.00000000       0.00000000       5.8479688517325414E-002
0.91749999999999998        0.00000000       0.00000000       6.5855887812175010E-002
0.92000000000000004        0.00000000       0.00000000       7.4721829338656245E-002
0.92249999999999999        0.00000000       0.00000000       8.5506027745563540E-002
0.92500000000000004        0.00000000       0.00000000       9.8803947011929460E-002
0.92749999999999999        0.00000000       0.00000000      0.11546033685088591
0.93000000000000005        0.00000000       0.00000000      0.13670610991770343
0.93250000000000000        0.00000000       0.00000000      0.16439059808796949
0.93500000000000005        0.00000000       0.00000000      0.20139397190299801
0.93750000000000000        0.00000000       0.00000000      0.25239853491387854
0.94000000000000006        0.00000000       0.00000000      0.32542293584031473
0.94250000000000000        0.00000000       0.00000000      0.43511263528795302
0.94500000000000006        0.00000000       0.00000000      0.61049413617135462
0.94750000000000001        0.00000000       0.00000000      0.91551867066007220
0.95000000000000007        0.00000000       0.00000000       1.5126663980568769
0.95250000000000001        0.00000000       0.00000000       2.9036305017386606
0.95500000000000007        0.00000000       0.00000000       7.0284675472442313
0.95750000000000002        0.00000000       0.00000000       18.271741895729512
0.95999999999999996        0.00000000       0.00000000       12.231720018479843
0.96250000000000002        0.00000000       0.00000000       4.4773159170654067
0.96500000000000008        0.00000000       0.00000000       2.0855486258467666
0.96750000000000003        0.00000000       0.00000000       1.1762555693709578
0.96999999999999997        0.00000000       0.00000000      0.74889330186946501
0.97250000000000003        0.00000000       0.00000000      0.51681982542233262
0.97499999999999998        0.00000000       0.00000000      0.37751341481233264
0.97750000000000004        0.00000000       0.00000000      0.28758274120558114
0.97999999999999998        0.00000000       0.00000000      0.22625174840502160
0.98250000000000004        0.00000000       0.00000000      0.18259353243354803
0.98499999999999999        0.00000000       0.00000000      0.15042797639156658
0.98750000000000004        0.00000000       0.00000000      0.12606251821848291
0.98999999999999999        0.00000000       0.00000000      0.10716589351578731
0.99250000000000005        0.00000000       0.00000000       9.2218217050050594E-002
0.99500000000000000        0.00000000       0.00000000       8.0192525249209071E-002
0.99750000000000005        0.00000000       0.00000000       7.0374855442976531E-002
1.0000000000000000        0.00000000       0.00000000       6.2256486497667553E-002
1.0024999999999999        0.00000000       0.00000000       5.5468192872485313E-002
1.0050000000000001        0.00000000       0.00000000       4.9732728147758642E-002
1.0075000000000001        0.00000000       0.00000000       4.4844217920583046E-002
1.0100000000000000        0.00000000       0.00000000       4.0643861514494395E-002
1.0125000000000000        0.00000000       0.00000000       3.7008401421202805E-002
1.0150000000000001        0.00000000       0.00000000       3.3840929377752807E-002
1.0175000000000001        0.00000000       0.00000000       3.1064586164216389E-002
1.0200000000000000        0.00000000       0.00000000       2.8617517373991326E-002
1.0225000000000000        0.00000000       0.00000000       2.6449521430984023E-002
1.0249999999999999        0.00000000       0.00000000       2.4519905553519884E-002
1.0275000000000001        0.00000000       0.00000000       2.2794929290909892E-002
1.0300000000000000        0.00000000       0.00000000       2.1246657908970006E-002
1.0325000000000000        0.00000000       0.00000000       1.9851766381528080E-002
1.0350000000000001        0.00000000       0.00000000       1.8590670129051291E-002
1.0375000000000001        0.00000000       0.00000000       1.7447023656392113E-002
1.0400000000000000        0.00000000       0.00000000       1.6406238776118152E-002
1.0425000000000000        0.00000000       0.00000000       1.5456568037398415E-002
1.0449999999999999        0.00000000       0.00000000       1.4587670778007565E-002
1.0475000000000001        0.00000000       0.00000000       1.3790671006571050E-002
1.0500000000000000        0.00000000       0.00000000       1.3057867141138366E-002
1.0525000000000000        0.00000000       0.00000000       1.2381513969525020E-002
1.0549999999999999        0.00000000       0.00000000       1.1757858265373004E-002
1.0575000000000001        0.00000000       0.00000000       1.1180686578714703E-002
1.0600000000000001        0.00000000       0.00000000       1.0645484864572778E-002
1.0625000000000000        0.00000000       0.00000000       1.0148304921448595E-002
1.0649999999999999        0.00000000       0.00000000       9.6856124154894793E-003
1.0675000000000001        0.00000000       0.00000000       9.2542986328390253E-003
1.0700000000000001        0.00000000       0.00000000       8.8515995027644827E-003
1.0725000000000000        0.00000000       0.00000000       8.4750328116814273E-003
1.0750000000000000        0.00000000       0.00000000       8.1224005421614860E-003
1.0775000000000001        0.00000000       0.00000000       7.7917040075015688E-003
1.0800000000000001        0.00000000       0.00000000       7.4811054510758737E-003
1.0825000000000000        0.00000000       0.00000000       7.1891568527371634E-003
1.0850000000000000        0.00000000       0.00000000       6.9142655359353431E-003
1.0874999999999999        0.00000000       0.00000000       6.6552170935618637E-003
1.0900000000000001        0.00000000       0.00000000       6.4107580989205028E-003
1.0925000000000000        0.00000000       0.00000000       6.1798098021760822E-003
1.0950000000000000        0.00000000       0.00000000       5.9614585866934969E-003
1.0975000000000001        0.00000000       0.00000000       5.7547675050060240E-003
