0.59999999999999998        0.00000000       0.00000000       3.5294476852986215E-003
0.60749999999999993        0.00000000       0.00000000       3.6782048447443019E-003
0.61499999999999999        0.00000000       0.00000000       3.8363426394038085E-003
0.62249999999999994        0.00000000       0.00000000       4.0046856801082163E-003
0.63000000000000000        0.00000000       0.00000000       4.1841519744615866E-003
0.63749999999999996        0.00000000       0.00000000       4.3757656755527745E-003
0.64500000000000002        0.00000000       0.00000000       4.5806719203749938E-003
0.65249999999999997        0.00000000       0.00000000       4.8001541528222532E-003
0.65999999999999992        0.00000000       0.00000000       5.0356544115879101E-003
0.66749999999999998        0.00000000       0.00000000       5.2887971701419331E-003
0.67499999999999993        0.00000000       0.00000000       5.5614174499929517E-003
0.68250000000000000        0.00000000       0.00000000       5.8555940963528116E-003
0.68999999999999995        0.00000000       0.00000000       6.1736893172033222E-003
0.69750000000000001        0.00000000       0.00000000       6.5183958562807440E-003
0.70499999999999996        0.00000000       0.00000000       6.8927935139733235E-003
0.71249999999999991        0.00000000       0.00000000       7.3004171710058050E-003
0.71999999999999997        0.00000000       0.00000000       7.7453390383468296E-003
0.72750000000000004        0.00000000       0.00000000       8.2322685956928363E-003
0.73499999999999999        0.00000000       0.00000000       8.7666746441766637E-003
0.74249999999999994        0.00000000       0.00000000       9.3549351669395958E-003
0.75000000000000000        0.00000000       0.00000000       1.0004522365068741E-002
0.75749999999999995        0.00000000       0.00000000       1.0724335870921038E-002
0.76499999999999990        0.00000000       0.00000000       1.1524593731093713E-002
0.77249999999999996        0.00000000       0.00000000       1.2417765348166403E-002
0.78000000000000003        0.00000000       0.00000000       1.3418661006547542E-002
0.78749999999999998        0.00000000       0.00000000       1.4545103768377303E-002
0.79499999999999993        0.00000000       0.00000000       1.5818678058859639E-002
0.80249999999999999        0.00000000       0.00000000       1.7265698055231527E-002
0.80999999999999994        0.00000000       0.00000000       1.8918469957785775E-002
0.81750000000000000        0.00000000       0.00000000       2.0816950010703165E-002
0.82499999999999996        0.00000000       0.00000000       2.3010939003568077E-002
0.83250000000000002        0.00000000       0.00000000       2.5563008302104534E-002
0.83999999999999997        0.00000000       0.00000000       2.8552427675885651E-002
0.84749999999999992        0.00000000       0.00000000       3.2079346170279736E-002
0.85499999999999998        0.00000000       0.00000000       3.6276201327903282E-002
0.86250000000000004        0.00000000       0.00000000       4.1311414046765228E-002
0.87000000000000000        0.00000000       0.00000000       4.7406329643833497E-002
0.87749999999999995        0.00000000       0.00000000       5.4851613710476185E-002
0.88500000000000001        0.00000000       0.00000000       6.4029256923577721E-002
0.89249999999999996        0.00000000       0.00000000       7.5438102959578285E-002
0.89999999999999991        0.00000000       0.00000000       8.9717375948414640E-002
0.90749999999999997        0.00000000       0.00000000      0.10764753430344125
0.91500000000000004        0.00000000       0.00000000      0.13008769261663036
0.92249999999999999        0.00000000       0.00000000      0.15774011108939601
0.92999999999999994        0.00000000       0.00000000      0.19056624615749826
0.93750000000000000        0.00000000       0.00000000      0.22667362365793975
0.94499999999999995        0.00000000       0.00000000      0.26094053457495719
0.95249999999999990        0.00000000       0.00000000      0.28491579180989296
0.95999999999999996        0.00000000       0.00000000      0.29033245845951361
0.96750000000000003        0.00000000       0.00000000      0.27504064764418262
0.97499999999999998        0.00000000       0.00000000      0.24485108536521275
0.98249999999999993        0.00000000       0.00000000      0.20882205187580075
0.98999999999999999        0.00000000       0.00000000      0.17393635690436185
0.99749999999999994        0.00000000       0.00000000      0.14357846382819817
1.0049999999999999        0.00000000       0.00000000      0.11855911356405283
1.0125000000000000        0.00000000       0.00000000       9.8452992304920897E-002
1.0200000000000000        0.00000000       0.00000000       8.2435774915983473E-002
1.0274999999999999        0.00000000       0.00000000       6.9665183032165984E-002
1.0349999999999999        0.00000000       0.00000000       5.9430545981266528E-002
1.0425000000000000        0.00000000       0.00000000       5.1167775802708024E-002
1.0499999999999998        0.00000000       0.00000000       4.4436578687379338E-002
1.0574999999999999        0.00000000       0.00000000       3.8904040278296442E-002
1.0649999999999999        0.00000000       0.00000000       3.4313778043215032E-002
1.0725000000000000        0.00000000       0.00000000       3.0473169674017402E-002
1.0800000000000001        0.00000000       0.00000000       2.7233429303031298E-002
1.0874999999999999        0.00000000       0.00000000       2.4479392441359861E-002
1.0950000000000000        0.00000000       0.00000000       2.2121501968863685E-002
1.1025000000000000        0.00000000       0.00000000       2.0089235537488485E-002
1.1099999999999999        0.00000000       0.00000000       1.8327771779220504E-002
1.1174999999999999        0.00000000       0.00000000       1.6790142735511770E-002
1.1250000000000000        0.00000000       0.00000000       1.5441638789985879E-002
1.1324999999999998        0.00000000       0.00000000       1.4253079767419971E-002
1.1400000000000001        0.00000000       0.00000000       1.3200629357036697E-002
1.1475000000000000        0.00000000       0.00000000       1.2264609705253086E-002
1.1549999999999998        0.00000000       0.00000000       1.1428770517558532E-002
1.1625000000000001        0.00000000       0.00000000       1.0679568418829860E-002
1.1699999999999999        0.00000000       0.00000000       1.0005623106456082E-002
1.1775000000000000        0.00000000       0.00000000       9.3973527131099108E-003
1.1850000000000001        0.00000000       0.00000000       8.8466428900737023E-003
1.1924999999999999        0.00000000       0.00000000       8.3465797947866807E-003
