0.90000000000000002        0.00000000       0.00000000       5.9351421609204147E-002
0.90249999999999997        0.00000000       0.00000000       6.4300040301413827E-002
0.90500000000000003        0.00000000       0.00000000       6.9872331323586473E-002
0.90749999999999997        0.00000000       0.00000000       7.6172799762938587E-002
0.91000000000000003        0.00000000       0.00000000       8.3326664984670298E-002
0.91249999999999998        0.00000000       0.00000000       9.1489356698541704E-002
0.91500000000000004        0.00000000       0.00000000      0.10084354192123447
0.91749999999999998        0.00000000       0.00000000      0.11161745557390310
0.92000000000000004        0.00000000       0.00000000      0.12408756917835684
0.92249999999999999        0.00000000       0.00000000      0.13859305132800229
0.92500000000000004        0.00000000       0.00000000      0.15555018184138922
0.92749999999999999        0.00000000       0.00000000      0.17546423638982736
0.93000000000000005        0.00000000       0.00000000      0.19894415510089616
0.93250000000000000        0.00000000       0.00000000      0.22670895948866845
0.93500000000000005        0.00000000       0.00000000      0.25957701650764431
0.93750000000000000        0.00000000       0.00000000      0.29841759218889752
0.94000000000000006        0.00000000       0.00000000      0.34402854399107530
0.94250000000000000        0.00000000       0.00000000      0.39688389960281684
0.94500000000000006        0.00000000       0.00000000      0.45668114391061176
0.94750000000000001        0.00000000       0.00000000      0.52164712393617729
0.95000000000000007        0.00000000       0.00000000      0.58770836230772461
0.95250000000000001        0.00000000       0.00000000      0.64796951417752535
0.95500000000000007        0.00000000       0.00000000      0.69334279354924144
0.95750000000000002        0.00000000       0.00000000      0.71502873715874971
0.95999999999999996        0.00000000       0.00000000      0.70818804590278572
0.96250000000000002        0.00000000       0.00000000      0.67439459474240360
0.96500000000000008        0.00000000       0.00000000      0.62080633924847906
0.96750000000000003        0.00000000       0.00000000      0.55678288634034301
0.96999999999999997        0.00000000       0.00000000      0.49056489130313435
0.97250000000000003        0.00000000       0.00000000      0.42769980499845356
0.97499999999999998        0.00000000       0.00000000      0.37107512838806667
0.97750000000000004        0.00000000       0.00000000      0.32166888891850465
0.97999999999999998        0.00000000       0.00000000      0.27934562577415661
0.98250000000000004        0.00000000       0.00000000      0.24343576351270518
0.98499999999999999        0.00000000       0.00000000      0.21308217960251188
0.98750000000000004        0.00000000       0.00000000      0.18743987431768874
0.98999999999999999        0.00000000       0.00000000      0.16572819468791411
0.99250000000000005        0.00000000       0.00000000      0.14728083238152867
0.99500000000000000        0.00000000       0.00000000      0.13153917970985937
0.99750000000000005        0.00000000       0.00000000      0.11804217596858024
1.0000000000000000        0.00000000       0.00000000      0.10641430334152036
1.0024999999999999        0.00000000       0.00000000       9.6342292604859214E-002
1.0050000000000001        0.00000000       0.00000000       8.7576915013366702E-002
1.0075000000000001        0.00000000       0.00000000       7.9911942161041805E-002
1.0100000000000000        0.00000000       0.00000000       7.3178184144329583E-002
1.0125000000000000        0.00000000       0.00000000       6.7236229275212694E-002
1.0150000000000001        0.00000000       0.00000000       6.1970754201761714E-002
1.0175000000000001        0.00000000       0.00000000       5.7285295603561534E-002
1.0200000000000000        0.00000000       0.00000000       5.3102175233690943E-002
1.0225000000000000        0.00000000       0.00000000       4.9351682503793286E-002
1.0249999999999999        0.00000000       0.00000000       4.5977877363672315E-002
1.0275000000000001        0.00000000       0.00000000       4.2934268284821067E-002
1.0300000000000000        0.00000000       0.00000000       4.0178848322748664E-002
1.0325000000000000        0.00000000       0.00000000       3.7677372937090850E-002
1.0350000000000001        0.00000000       0.00000000       3.5400142207645466E-002
1.0375000000000001        0.00000000       0.00000000       3.3322158071752123E-002
1.0400000000000000        0.00000000       0.00000000       3.1420077483874410E-002
1.0425000000000000        0.00000000       0.00000000       2.9675415449517878E-002
1.0449999999999999        0.00000000       0.00000000       2.8071510056224984E-002
1.0475000000000001        0.00000000       0.00000000       2.6593798542726359E-002
1.0500000000000000        0.00000000       0.00000000       2.5229571790039620E-002
1.0525000000000000        0.00000000       0.00000000       2.3967631432889457E-002
1.0549999999999999        0.00000000       0.00000000       2.2797053096337748E-002
1.0575000000000001        0.00000000       0.00000000       2.1711331938368942E-002
1.0600000000000001        0.00000000       0.00000000       2.0701596892856985E-002
1.0625000000000000        0.00000000       0.00000000       1.9760986528620652E-002
1.0649999999999999        0.00000000       0.00000000       1.8883385107495203E-002
1.0675000000000001        0.00000000       0.00000000       1.8063351109688704E-002
1.0700000000000001        0.00000000       0.00000000       1.7295989540704437E-002
1.0725000000000000        0.00000000       0.00000000       1.6576934523200557E-002
1.0750000000000000        0.00000000       0.00000000       1.5902249330343302E-002
1.0775000000000001        0.00000000       0.00000000       1.5268376109154339E-002
1.0800000000000001        0.00000000       0.00000000       1.4672142919145268E-002
1.0825000000000000        0.00000000       0.00000000       1.4110609077729829E-002
1.0850000000000000        0.00000000       0.00000000       1.3581167007869342E-002
1.0874999999999999        0.00000000       0.00000000       1.3081419642846724E-002
1.0900000000000001        0.00000000       0.00000000       1.2609273397023963E-002
1.0925000000000000        0.00000000       0.00000000       1.2162679025108168E-002
1.0950000000000000        0.00000000       0.00000000       1.1739863107614105E-002
1.0975000000000001        0.00000000       0.00000000       1.1339188455113829E-002
