0.59999999999999998        0.00000000       0.00000000       2.6018592674460633E-003
0.60749999999999993        0.00000000       0.00000000       2.7591438699862518E-003
0.61499999999999999        0.00000000       0.00000000       2.9311238935037440E-003
0.62249999999999994        0.00000000       0.00000000       3.1197067468746037E-003
0.63000000000000000        0.00000000       0.00000000       3.3271225008580096E-003
0.63749999999999996        0.00000000       0.00000000       3.5559911809272017E-003
0.64500000000000002        0.00000000       0.00000000       3.8094074442183296E-003
0.65249999999999997        0.00000000       0.00000000       4.0910472701706016E-003
0.65999999999999992        0.00000000       0.00000000       4.4053038742962944E-003
0.66749999999999998        0.00000000       0.00000000       4.7574617876839156E-003
0.67499999999999993        0.00000000       0.00000000       5.1539212942619678E-003
0.68250000000000000        0.00000000       0.00000000       5.6024833453759415E-003
0.68999999999999995        0.00000000       0.00000000       6.1126018885927988E-003
0.69750000000000001        0.00000000       0.00000000       6.6961750145378696E-003
0.70499999999999996        0.00000000       0.00000000       7.3715665808093064E-003
0.71249999999999991        0.00000000       0.00000000       8.1514573220500403E-003
0.71999999999999997        0.00000000       0.00000000       9.0645711045371294E-003
0.72750000000000004        0.00000000       0.00000000       1.0142171411746323E-002
0.73499999999999999        0.00000000       0.00000000       1.1426189477755436E-002
0.74249999999999994        0.00000000       0.00000000       1.2974115808422698E-002
0.75000000000000000        0.00000000       0.00000000       1.4863677599456032E-002
0.75749999999999995        0.00000000       0.00000000       1.7204356671554594E-002
0.76499999999999990        0.00000000       0.00000000       2.0153715944566705E-002
0.77249999999999996        0.00000000       0.00000000       2.3945450051837569E-002
0.78000000000000003        0.00000000       0.00000000       2.8938696756144133E-002
0.78749999999999998        0.00000000       0.00000000       3.5710522873867362E-002
0.79499999999999993        0.00000000       0.00000000       4.5238571741625044E-002
0.80249999999999999        0.00000000       0.00000000       5.9298039238494027E-002
0.80999999999999994        0.00000000       0.00000000       8.1423741258546289E-002
0.81750000000000000        0.00000000       0.00000000      0.11963196190906378
0.82499999999999996        0.00000000       0.00000000      0.19615529772776086
0.83250000000000002        0.00000000       0.00000000      0.40008067206212927
0.83999999999999997        0.00000000       0.00000000       1.7715505117461596
0.84749999999999992        0.00000000       0.00000000      -1.4154079629649452
0.85499999999999998        0.00000000       0.00000000     -0.76149589343575963
0.86250000000000004        0.00000000       0.00000000     -0.79639921619075249
0.87000000000000000        0.00000000       0.00000000      -1.8715560457831586
0.87749999999999995        0.00000000       0.00000000       1.1765478689080044
0.88500000000000001        0.00000000       0.00000000      0.34532150966598762
0.89249999999999996        0.00000000       0.00000000      0.17852130862903315
0.89999999999999991        0.00000000       0.00000000      0.11154599690422629
0.90749999999999997        0.00000000       0.00000000       7.7026521668197734E-002
0.91500000000000004        0.00000000       0.00000000       5.6650321485550770E-002
0.92249999999999999        0.00000000       0.00000000       4.3536315997746988E-002
0.92999999999999994        0.00000000       0.00000000       3.4566700344124901E-002
0.93750000000000000        0.00000000       0.00000000       2.8146987922213165E-002
0.94499999999999995        0.00000000       0.00000000       2.3387174491553614E-002
0.95249999999999990        0.00000000       0.00000000       1.9757085526754647E-002
0.95999999999999996        0.00000000       0.00000000       1.6923389092442592E-002
0.96750000000000003        0.00000000       0.00000000       1.4667918917956560E-002
0.97499999999999998        0.00000000       0.00000000       1.2842809156106735E-002
0.98249999999999993        0.00000000       0.00000000       1.1344655751029845E-002
0.98999999999999999        0.00000000       0.00000000       1.0099617202167149E-002
0.99749999999999994        0.00000000       0.00000000       9.0534028965116586E-003
1.0049999999999999        0.00000000       0.00000000       8.1660898022274907E-003
1.0125000000000000        0.00000000       0.00000000       7.4068583731907583E-003
1.0200000000000000        0.00000000       0.00000000       6.7521800720191580E-003
1.0274999999999999        0.00000000       0.00000000       6.1837037776401715E-003
1.0349999999999999        0.00000000       0.00000000       5.6869440482573697E-003
1.0425000000000000        0.00000000       0.00000000       5.2503411813724903E-003
1.0499999999999998        0.00000000       0.00000000       4.8645804976724365E-003
1.0574999999999999        0.00000000       0.00000000       4.5220903212934808E-003
1.0649999999999999        0.00000000       0.00000000       4.2166355334991388E-003
1.0725000000000000        0.00000000       0.00000000       3.9421103441909904E-003
1.0800000000000001        0.00000000       0.00000000       3.6961752720139759E-003
1.0874999999999999        0.00000000       0.00000000       3.4724729206647613E-003
1.0950000000000000        0.00000000       0.00000000       3.2689484456315931E-003
1.1025000000000000        0.00000000       0.00000000       3.0869396171623389E-003
1.1099999999999999        0.00000000       0.00000000       2.9231029701891247E-003
1.1174999999999999        0.00000000       0.00000000       2.7735245419140088E-003
1.1250000000000000        0.00000000       0.00000000       2.6366001821745808E-003
1.1324999999999998        0.00000000       0.00000000       2.5109350088836843E-003
1.1400000000000001        0.00000000       0.00000000       2.3953107691689992E-003
1.1475000000000000        0.00000000       0.00000000       2.2886603926506096E-003
1.1549999999999998        0.00000000       0.00000000       2.1899487683611748E-003
1.1625000000000001        0.00000000       0.00000000       2.0938657756658561E-003
1.1699999999999999        0.00000000       0.00000000       2.0080317157602492E-003
1.1775000000000000        0.00000000       0.00000000       1.9283853005306029E-003
1.1850000000000001        0.00000000       0.00000000       1.8543770019700250E-003
1.1924999999999999        0.00000000       0.00000000       1.7854897054128880E-003
