0.69999999999999996        0.00000000       0.00000000       1.0171275872490865E-002
0.70499999999999996        0.00000000       0.00000000       1.0833228471862383E-002
0.70999999999999996        0.00000000       0.00000000       1.1562070879898204E-002
0.71499999999999997        0.00000000       0.00000000       1.2367164304038031E-002
0.71999999999999997        0.00000000       0.00000000       1.3257649889112641E-002
0.72499999999999998        0.00000000       0.00000000       1.4252803427804175E-002
0.72999999999999998        0.00000000       0.00000000       1.5364398025343395E-002
0.73499999999999999        0.00000000       0.00000000       1.6605049675060143E-002
0.73999999999999999        0.00000000       0.00000000       1.8005552504866920E-002
0.74500000000000000        0.00000000       0.00000000       1.9590828334871677E-002
0.75000000000000000        0.00000000       0.00000000       2.1394574248763787E-002
0.75500000000000000        0.00000000       0.00000000       2.3458543207567656E-002
0.76000000000000001        0.00000000       0.00000000       2.5834860117634306E-002
0.76499999999999990        0.00000000       0.00000000       2.8589233563450195E-002
0.77000000000000002        0.00000000       0.00000000       3.1805377214871561E-002
0.77499999999999991        0.00000000       0.00000000       3.5591182269820526E-002
0.77999999999999992        0.00000000       0.00000000       4.0087456236253233E-002
0.78499999999999992        0.00000000       0.00000000       4.5480073971293722E-002
0.78999999999999992        0.00000000       0.00000000       5.2019893243401671E-002
0.79499999999999993        0.00000000       0.00000000       6.0048386674444343E-002
0.79999999999999993        0.00000000       0.00000000       7.0040016388659032E-002
0.80499999999999994        0.00000000       0.00000000       8.2667295714918487E-002
0.80999999999999994        0.00000000       0.00000000       9.8902747123854051E-002
0.81499999999999995        0.00000000       0.00000000      0.12018323739391501
0.81999999999999995        0.00000000       0.00000000      0.14867658784076243
0.82499999999999996        0.00000000       0.00000000      0.18771128289979155
0.82999999999999996        0.00000000       0.00000000      0.24243591798363306
0.83499999999999996        0.00000000       0.00000000      0.32065659188503437
0.83999999999999997        0.00000000       0.00000000      0.43310887964181388
0.84499999999999997        0.00000000       0.00000000      0.58971472796442059
0.84999999999999998        0.00000000       0.00000000      0.78172700335528766
0.85499999999999998        0.00000000       0.00000000      0.94396941700727499
0.85999999999999999        0.00000000       0.00000000      0.96514269630151706
0.86499999999999999        0.00000000       0.00000000      0.82684373288648993
0.87000000000000000        0.00000000       0.00000000      0.63325970231130846
0.87500000000000000        0.00000000       0.00000000      0.46619011341767691
0.87999999999999989        0.00000000       0.00000000      0.34399984906044256
0.88500000000000001        0.00000000       0.00000000      0.25876288895867594
0.88999999999999990        0.00000000       0.00000000      0.19930498347033476
0.89500000000000002        0.00000000       0.00000000      0.15710513056545150
0.89999999999999991        0.00000000       0.00000000      0.12646580883538955
0.90500000000000003        0.00000000       0.00000000      0.10370024313181525
0.90999999999999992        0.00000000       0.00000000       8.6413762119361359E-002
0.91499999999999992        0.00000000       0.00000000       7.3027800189579328E-002
0.91999999999999993        0.00000000       0.00000000       6.2474447390384102E-002
0.92499999999999993        0.00000000       0.00000000       5.4023569345573313E-002
0.92999999999999994        0.00000000       0.00000000       4.7160579243816947E-002
0.93499999999999994        0.00000000       0.00000000       4.1516781424146693E-002
0.93999999999999995        0.00000000       0.00000000       3.6823177101131435E-002
0.94499999999999995        0.00000000       0.00000000       3.2880010709820676E-002
0.94999999999999996        0.00000000       0.00000000       2.9537354655268855E-002
0.95499999999999996        0.00000000       0.00000000       2.6680134492507418E-002
0.95999999999999996        0.00000000       0.00000000       2.4219486177459726E-002
0.96499999999999997        0.00000000       0.00000000       2.2085848495950786E-002
0.96999999999999997        0.00000000       0.00000000       2.0224149768594928E-002
0.97499999999999998        0.00000000       0.00000000       1.8590461416533768E-002
0.97999999999999998        0.00000000       0.00000000       1.7149100336093646E-002
0.98499999999999999        0.00000000       0.00000000       1.5871231739941011E-002
0.98999999999999999        0.00000000       0.00000000       1.4733279899001084E-002
0.99499999999999988        0.00000000       0.00000000       1.3715338828177021E-002
1.0000000000000000        0.00000000       0.00000000       1.2801700868488364E-002
1.0049999999999999        0.00000000       0.00000000       1.1978433898515474E-002
1.0100000000000000        0.00000000       0.00000000       1.1234068061359476E-002
1.0149999999999999        0.00000000       0.00000000       1.0558890765754596E-002
1.0200000000000000        0.00000000       0.00000000       9.9446349232255177E-003
1.0249999999999999        0.00000000       0.00000000       9.3842281834051744E-003
1.0300000000000000        0.00000000       0.00000000       8.8715930256716147E-003
1.0349999999999999        0.00000000       0.00000000       8.4014833801604079E-003
1.0400000000000000        0.00000000       0.00000000       7.9681984058123378E-003
1.0449999999999999        0.00000000       0.00000000       7.5701128025222608E-003
1.0500000000000000        0.00000000       0.00000000       7.2025843902522591E-003
1.0549999999999999        0.00000000       0.00000000       6.8625857994961681E-003
1.0600000000000001        0.00000000       0.00000000       6.5474531413410152E-003
1.0649999999999999        0.00000000       0.00000000       6.2548161861587428E-003
1.0699999999999998        0.00000000       0.00000000       5.9810193926057281E-003
1.0750000000000000        0.00000000       0.00000000       5.7260434336242928E-003
1.0800000000000001        0.00000000       0.00000000       5.4899973895577922E-003
1.0850000000000000        0.00000000       0.00000000       5.2700061615730421E-003
1.0899999999999999        0.00000000       0.00000000       5.0641229400553659E-003
