0.80000000000000004        0.00000000       0.00000000       2.9744628303271931E-002
0.80249999999999999        0.00000000       0.00000000       3.3036477727118041E-002
0.80500000000000005        0.00000000       0.00000000       3.6946674527994883E-002
0.80750000000000000        0.00000000       0.00000000       4.1650994511168826E-002
0.81000000000000005        0.00000000       0.00000000       4.7396353905781674E-002
0.81250000000000000        0.00000000       0.00000000       5.4540302186577294E-002
0.81500000000000006        0.00000000       0.00000000       6.3620017068463430E-002
0.81750000000000000        0.00000000       0.00000000       7.5479983474274759E-002
0.82000000000000006        0.00000000       0.00000000       9.1525501167888268E-002
0.82250000000000001        0.00000000       0.00000000      0.11428110953282544
0.82500000000000007        0.00000000       0.00000000      0.14876463769279280
0.82750000000000001        0.00000000       0.00000000      0.20656952241705251
0.83000000000000007        0.00000000       0.00000000      0.32181893197683564
0.83250000000000002        0.00000000       0.00000000      0.65738581601145230
0.83500000000000008        0.00000000       0.00000000       12.117594486688290
0.83750000000000002        0.00000000       0.00000000     -0.82741250759986595
0.84000000000000008        0.00000000       0.00000000     -0.42515874766879280
0.84250000000000003        0.00000000       0.00000000     -0.29869492702261224
0.84500000000000008        0.00000000       0.00000000     -0.23831915991576946
0.84750000000000003        0.00000000       0.00000000     -0.20422713786801472
0.85000000000000009        0.00000000       0.00000000     -0.18351136732400941
0.85250000000000004        0.00000000       0.00000000     -0.17081538240188132
0.85500000000000009        0.00000000       0.00000000     -0.16362384616388781
0.85750000000000004        0.00000000       0.00000000     -0.16074116689798568
0.86000000000000010        0.00000000       0.00000000     -0.16173103333130567
0.86250000000000004        0.00000000       0.00000000     -0.16673942996842039
0.86499999999999999        0.00000000       0.00000000     -0.17655201313361379
0.86750000000000005        0.00000000       0.00000000     -0.19293205276581615
0.87000000000000011        0.00000000       0.00000000     -0.21954855607224599
0.87250000000000005        0.00000000       0.00000000     -0.26461928671898094
0.87500000000000000        0.00000000       0.00000000     -0.35015403072059637
0.87750000000000006        0.00000000       0.00000000     -0.56005650273605312
0.88000000000000000        0.00000000       0.00000000      -1.7603861275343800
0.88250000000000006        0.00000000       0.00000000       1.2555936736794431
0.88500000000000001        0.00000000       0.00000000      0.43331147868406883
0.88750000000000007        0.00000000       0.00000000      0.25214462586583863
0.89000000000000001        0.00000000       0.00000000      0.17328953739875375
0.89250000000000007        0.00000000       0.00000000      0.12950346260350898
0.89500000000000002        0.00000000       0.00000000      0.10184285079546562
0.89750000000000008        0.00000000       0.00000000       8.2901721861894928E-002
0.90000000000000002        0.00000000       0.00000000       6.9195081600911146E-002
0.90250000000000008        0.00000000       0.00000000       5.8869307847085828E-002
0.90500000000000003        0.00000000       0.00000000       5.0846444965011367E-002
0.90750000000000008        0.00000000       0.00000000       4.4459299316861572E-002
0.91000000000000003        0.00000000       0.00000000       3.9272990762507343E-002
0.91250000000000009        0.00000000       0.00000000       3.4992302088418109E-002
0.91500000000000004        0.00000000       0.00000000       3.1410885064766345E-002
0.91750000000000009        0.00000000       0.00000000       2.8377339495194817E-002
0.92000000000000004        0.00000000       0.00000000       2.5782248853851109E-002
0.92250000000000010        0.00000000       0.00000000       2.3542297707358398E-002
0.92500000000000004        0.00000000       0.00000000       2.1593551003202816E-002
0.92749999999999999        0.00000000       0.00000000       1.9886183378736558E-002
0.93000000000000005        0.00000000       0.00000000       1.8380832098339947E-002
0.93250000000000011        0.00000000       0.00000000       1.7046018735707769E-002
0.93500000000000005        0.00000000       0.00000000       1.5856296001347490E-002
0.93750000000000000        0.00000000       0.00000000       1.4790887470096485E-002
0.94000000000000006        0.00000000       0.00000000       1.3832678103979847E-002
0.94250000000000012        0.00000000       0.00000000       1.2967456126831610E-002
0.94500000000000006        0.00000000       0.00000000       1.2183193122495002E-002
0.94750000000000001        0.00000000       0.00000000       1.1470160838331592E-002
0.95000000000000007        0.00000000       0.00000000       1.0819714660643971E-002
0.95250000000000001        0.00000000       0.00000000       1.0224612114805368E-002
0.95500000000000007        0.00000000       0.00000000       9.6786505909386839E-003
0.95750000000000002        0.00000000       0.00000000       9.1764786620733771E-003
0.96000000000000008        0.00000000       0.00000000       8.7134742490373000E-003
0.96250000000000002        0.00000000       0.00000000       8.2855963632852830E-003
0.96500000000000008        0.00000000       0.00000000       7.8893467133274164E-003
0.96750000000000003        0.00000000       0.00000000       7.5216418736036503E-003
0.97000000000000008        0.00000000       0.00000000       7.1797684315069721E-003
0.97250000000000003        0.00000000       0.00000000       6.8613290805633505E-003
0.97500000000000009        0.00000000       0.00000000       6.5642606923250225E-003
0.97750000000000004        0.00000000       0.00000000       6.2865626225506732E-003
0.97999999999999998        0.00000000       0.00000000       6.0266468235689909E-003
0.98250000000000004        0.00000000       0.00000000       5.7830042489668589E-003
0.98500000000000010        0.00000000       0.00000000       5.5542852109960496E-003
0.98750000000000004        0.00000000       0.00000000       5.3392881973506664E-003
0.98999999999999999        0.00000000       0.00000000       5.1369250349796898E-003
0.99250000000000005        0.00000000       0.00000000       4.9462184376144504E-003
0.99500000000000011        0.00000000       0.00000000       4.7661239865607052E-003
0.99750000000000005        0.00000000       0.00000000       4.5961720992095806E-003
