0.50000000000000000        0.00000000       0.00000000       2.6921299697563184E-003
0.50749999999999995        0.00000000       0.00000000       2.8056970825924635E-003
0.51500000000000001        0.00000000       0.00000000       2.9271620837141923E-003
0.52249999999999996        0.00000000       0.00000000       3.0570815907234906E-003
0.53000000000000003        0.00000000       0.00000000       3.1961960607715251E-003
0.53749999999999998        0.00000000       0.00000000       3.3450910106866336E-003
0.54500000000000004        0.00000000       0.00000000       3.5047171266425134E-003
0.55249999999999999        0.00000000       0.00000000       3.6760614985484365E-003
0.56000000000000005        0.00000000       0.00000000       3.8602465456426538E-003
0.56750000000000000        0.00000000       0.00000000       4.0585479729710328E-003
0.57499999999999996        0.00000000       0.00000000       4.2724167797498352E-003
0.58250000000000002        0.00000000       0.00000000       4.5035057910580711E-003
0.58999999999999997        0.00000000       0.00000000       4.7537018385350668E-003
0.59750000000000003        0.00000000       0.00000000       5.0251643802003559E-003
0.60499999999999998        0.00000000       0.00000000       5.3203722944350704E-003
0.61250000000000004        0.00000000       0.00000000       5.6421806605651825E-003
0.62000000000000000        0.00000000       0.00000000       5.9938896639954997E-003
0.62749999999999995        0.00000000       0.00000000       6.3793290955420842E-003
0.63500000000000001        0.00000000       0.00000000       6.8029620016091391E-003
0.64249999999999996        0.00000000       0.00000000       7.2700128845784306E-003
0.65000000000000002        0.00000000       0.00000000       7.7866271415027513E-003
0.65749999999999997        0.00000000       0.00000000       8.3600704432967091E-003
0.66500000000000004        0.00000000       0.00000000       8.9989803647230332E-003
0.67249999999999999        0.00000000       0.00000000       9.7136850299342908E-003
0.67999999999999994        0.00000000       0.00000000       1.0516611329532424E-002
0.68750000000000000        0.00000000       0.00000000       1.1422811652921874E-002
0.69500000000000006        0.00000000       0.00000000       1.2450647811650853E-002
0.70250000000000001        0.00000000       0.00000000       1.3622690512794522E-002
0.70999999999999996        0.00000000       0.00000000       1.4966910864852565E-002
0.71750000000000003        0.00000000       0.00000000       1.6518276534002826E-002
0.72499999999999998        0.00000000       0.00000000       1.8320913910618325E-002
0.73249999999999993        0.00000000       0.00000000       2.0431064915152675E-002
0.73999999999999999        0.00000000       0.00000000       2.2921189634646288E-002
0.74750000000000005        0.00000000       0.00000000       2.5885610154739419E-002
0.75500000000000000        0.00000000       0.00000000       2.9449150544048064E-002
0.76249999999999996        0.00000000       0.00000000       3.3778023854389355E-002
0.77000000000000002        0.00000000       0.00000000       3.9094002812129713E-002
0.77749999999999997        0.00000000       0.00000000       4.5718409270995408E-002
0.78499999999999992        0.00000000       0.00000000       5.4066502135755423E-002
0.79249999999999998        0.00000000       0.00000000       6.4747020274785239E-002
0.80000000000000004        0.00000000       0.00000000       7.8609667654875148E-002
0.80750000000000000        0.00000000       0.00000000       9.6842798766518801E-002
0.81499999999999995        0.00000000       0.00000000      0.12106531464678028
0.82250000000000001        0.00000000       0.00000000      0.15328288656900890
0.82999999999999996        0.00000000       0.00000000      0.19538112401137686
0.83749999999999991        0.00000000       0.00000000      0.24731692618428047
0.84499999999999997        0.00000000       0.00000000      0.30304691184383925
0.85250000000000004        0.00000000       0.00000000      0.34630554761214905
0.85999999999999999        0.00000000       0.00000000      0.35627702178675702
0.86749999999999994        0.00000000       0.00000000      0.32709910446585733
0.87500000000000000        0.00000000       0.00000000      0.27484875600902692
0.88250000000000006        0.00000000       0.00000000      0.21979128091084232
0.89000000000000001        0.00000000       0.00000000      0.17269580074874058
0.89749999999999996        0.00000000       0.00000000      0.13587886639210012
0.90500000000000003        0.00000000       0.00000000      0.10804359387765394
0.91249999999999998        0.00000000       0.00000000       8.7132634626864325E-002
0.91999999999999993        0.00000000       0.00000000       7.1318230504435004E-002
0.92749999999999999        0.00000000       0.00000000       5.9214014543711585E-002
0.93500000000000005        0.00000000       0.00000000       4.9818191940054740E-002
0.94250000000000000        0.00000000       0.00000000       4.2418980797385819E-002
0.94999999999999996        0.00000000       0.00000000       3.6511663752810189E-002
0.95750000000000002        0.00000000       0.00000000       3.1733718366391064E-002
0.96499999999999997        0.00000000       0.00000000       2.7822801381720136E-002
0.97249999999999992        0.00000000       0.00000000       2.4586351703517209E-002
0.97999999999999998        0.00000000       0.00000000       2.1881143132867216E-002
0.98750000000000004        0.00000000       0.00000000       1.9599184478938138E-002
0.99500000000000000        0.00000000       0.00000000       1.7657924007803624E-002
1.0024999999999999        0.00000000       0.00000000       1.5994340533739541E-002
1.0100000000000000        0.00000000       0.00000000       1.4558460147177404E-002
1.0175000000000001        0.00000000       0.00000000       1.3311135041993879E-002
1.0249999999999999        0.00000000       0.00000000       1.2217670125248749E-002
1.0325000000000000        0.00000000       0.00000000       1.1261606318288979E-002
1.0400000000000000        0.00000000       0.00000000       1.0417324751168487E-002
1.0474999999999999        0.00000000       0.00000000       9.6682922626382638E-003
1.0549999999999999        0.00000000       0.00000000       9.0008804599449842E-003
1.0625000000000000        0.00000000       0.00000000       8.4038965261782287E-003
1.0699999999999998        0.00000000       0.00000000       7.8677218338873041E-003
1.0775000000000001        0.00000000       0.00000000       7.3811218684528730E-003
1.0850000000000000        0.00000000       0.00000000       6.9434912714592175E-003
1.0925000000000000        0.00000000       0.00000000       6.5466395064839190E-003
1.0950000000000000        0.00000000       0.00000000       6.4225537808256586E-003
1.1025000000000000        0.00000000       0.00000000       6.0734467642235036E-003
1.1100000000000001        0.00000000       0.00000000       5.7539399255906939E-003
1.1174999999999999        0.00000000       0.00000000       5.4615997690690985E-003
1.1250000000000000        0.00000000       0.00000000       5.1934873700476966E-003
1.1325000000000001        0.00000000       0.00000000       4.9470399348890024E-003
1.1400000000000001        0.00000000       0.00000000       4.7200291905809232E-003
1.1475000000000000        0.00000000       0.00000000       4.5105026664061356E-003
1.1550000000000000        0.00000000       0.00000000       4.3167491758694708E-003
1.1625000000000001        0.00000000       0.00000000       4.1372583728201172E-003
1.1699999999999999        0.00000000       0.00000000       3.9706948293098338E-003
1.1775000000000000        0.00000000       0.00000000       3.8158799643791624E-003
1.1850000000000001        0.00000000       0.00000000       3.6717654172694707E-003
1.1924999999999999        0.00000000       0.00000000       3.5374140099214591E-003
1.2000000000000000        0.00000000       0.00000000       3.4119913748267773E-003
1.2075000000000000        0.00000000       0.00000000       3.2947493119663352E-003
1.2150000000000001        0.00000000       0.00000000       3.1849397218658639E-003
1.2225000000000001        0.00000000       0.00000000       3.0821123931151222E-003
1.2300000000000000        0.00000000       0.00000000       2.9856427348200062E-003
1.2375000000000000        0.00000000       0.00000000       2.8950562826036141E-003
1.2450000000000001        0.00000000       0.00000000       2.8098727110991879E-003
1.2524999999999999        0.00000000       0.00000000       2.7297261577661613E-003
1.2600000000000000        0.00000000       0.00000000       2.6542256981902292E-003
1.2675000000000001        0.00000000       0.00000000       2.5830381122968092E-003
1.2749999999999999        0.00000000       0.00000000       2.5158695339978681E-003
1.2825000000000000        0.00000000       0.00000000       2.4524391041246259E-003
1.2900000000000000        0.00000000       0.00000000       2.3924840516154297E-003
1.2974999999999999        0.00000000       0.00000000       2.3357735241707092E-003
1.3049999999999999        0.00000000       0.00000000       2.2821002279019282E-003
1.3125000000000000        0.00000000       0.00000000       2.2312567512044216E-003
1.3200000000000001        0.00000000       0.00000000       2.1830783082514896E-003
1.3275000000000001        0.00000000       0.00000000       2.1373785083417117E-003
1.3350000000000000        0.00000000       0.00000000       2.0940234603351550E-003
1.3425000000000000        0.00000000       0.00000000       2.0528603419657952E-003
1.3500000000000001        0.00000000       0.00000000       2.0138889201588056E-003
1.3574999999999999        0.00000000       0.00000000       1.9767112792347151E-003
1.3650000000000000        0.00000000       0.00000000       1.9413610951280872E-003
1.3725000000000001        0.00000000       0.00000000       1.9077340643552584E-003
1.3799999999999999        0.00000000       0.00000000       1.8757322890051390E-003
1.3875000000000000        0.00000000       0.00000000       1.8452642667865949E-003
1.3950000000000000        0.00000000       0.00000000       1.8162468161953438E-003
1.4024999999999999        0.00000000       0.00000000       1.7886008709791855E-003
1.4100000000000001        0.00000000       0.00000000       1.7622539458067696E-003
1.4175000000000000        0.00000000       0.00000000       1.7371349829054159E-003
1.4250000000000000        0.00000000       0.00000000       1.7131812426976812E-003
1.4325000000000001        0.00000000       0.00000000       1.6903414669275376E-003
1.4399999999999999        0.00000000       0.00000000       1.6685421318273646E-003
1.4475000000000000        0.00000000       0.00000000       1.6477442474708594E-003
1.4550000000000001        0.00000000       0.00000000       1.6277274248166094E-003
1.4624999999999999        0.00000000       0.00000000       1.6087884665834306E-003
1.4700000000000000        0.00000000       0.00000000       1.5907061406310982E-003
1.4775000000000000        0.00000000       0.00000000       1.5735157593657855E-003
1.4849999999999999        0.00000000       0.00000000       1.5570282661938788E-003
1.4925000000000002        0.00000000       0.00000000       1.5412844697897921E-003
